5 4
1 2 25
1 4 71
2 3 10
4 5 74
5 5
1 4 20
1 5 47
2 3 28
2 5 93
3 4 66
5 6
1 2 61
1 3 84
1 5 17
2 3 12
3 5 27
4 5 88
5 7
1 3 73
1 4 74
1 5 77
2 3 61
2 4 85
3 4 78
4 5 21
5 8
1 2 15
1 3 9
1 4 21
2 3 57
2 4 47
2 5 45
3 4 50
4 5 76
5 9
1 2 3
1 3 97
1 4 31
1 5 87
2 3 87
2 4 2
2 5 66
3 4 5
3 5 70
5 10
1 2 2
1 3 9
1 4 18
1 5 78
2 3 34
2 4 44
2 5 97
3 4 86
3 5 47
4 5 9
6 5
1 4 100
2 3 67
2 6 78
3 4 26
5 6 100
6 6
1 2 100
2 4 18
2 5 13
3 5 74
3 6 50
4 6 44
6 7
1 4 98
1 5 19
2 3 15
2 4 91
2 6 17
3 5 33
5 6 77
6 8
1 2 11
1 4 77
1 5 2
1 6 2
2 5 74
2 6 80
3 5 94
4 5 2
6 9
1 2 15
1 3 76
1 6 99
2 4 57
2 5 49
2 6 84
4 5 47
4 6 3
5 6 72
6 10
1 2 93
1 4 2
1 5 11
1 6 21
2 3 5
2 6 85
3 4 2
3 5 39
4 5 77
4 6 87
6 11
1 2 22
1 4 88
1 6 96
2 3 8
2 4 67
2 5 15
2 6 70
3 4 11
3 5 9
4 5 98
5 6 32
6 12
1 2 44
1 4 2
1 6 32
2 3 24
2 4 54
2 5 91
2 6 77
3 4 53
3 5 17
3 6 80
4 5 45
4 6 70
6 13
1 2 45
1 3 91
1 4 55
1 5 3
1 6 76
2 3 32
2 4 1
2 5 36
2 6 14
3 4 10
3 6 71
4 6 76
5 6 18
6 14
1 2 36
1 3 80
1 4 8
1 6 27
2 3 5
2 4 92
2 5 100
2 6 27
3 4 10
3 5 59
3 6 10
4 5 10
4 6 42
5 6 88
6 15
1 2 75
1 3 17
1 4 55
1 5 99
1 6 22
2 3 4
2 4 39
2 5 54
2 6 22
3 4 82
3 5 56
3 6 33
4 5 67
4 6 62
5 6 80
7 6
1 2 95
2 3 86
3 5 13
3 7 61
4 5 95
5 6 65
7 7
1 3 17
1 6 24
1 7 69
2 3 29
4 6 95
5 6 92
5 7 4
7 8
1 2 18
1 5 38
1 7 87
2 5 79
3 4 98
3 6 39
5 7 7
6 7 7
7 9
1 2 83
1 3 64
1 4 19
1 5 79
1 7 95
2 3 39
3 4 19
3 7 80
4 6 96
7 10
1 2 40
1 4 86
2 3 24
2 4 100
3 6 64
3 7 8
4 5 38
4 6 76
4 7 90
5 7 84
7 11
1 2 40
1 3 44
1 6 78
2 4 81
2 5 36
3 5 68
3 6 60
3 7 20
4 7 85
5 7 50
6 7 37
7 12
1 2 82
1 3 16
1 6 29
2 3 92
2 5 6
2 6 50
2 7 37
3 4 78
3 5 9
4 5 25
4 7 83
6 7 13
7 13
1 2 68
1 3 88
1 4 24
1 5 83
2 6 97
2 7 19
3 4 3
3 5 37
3 6 19
4 5 11
4 6 92
4 7 3
6 7 37
7 14
1 2 93
1 3 89
1 4 72
1 5 40
1 6 97
1 7 17
2 4 55
2 5 26
2 6 2
2 7 47
4 6 22
5 6 65
5 7 96
6 7 3
7 15
1 2 60
1 3 24
1 5 16
1 6 72
1 7 88
2 3 62
2 4 6
2 5 26
2 6 58
3 6 61
3 7 63
4 6 47
5 6 51
5 7 15
6 7 80
7 16
1 2 90
1 3 9
1 6 6
1 7 21
2 3 48
2 4 27
2 5 48
2 6 34
2 7 7
3 4 38
3 5 70
3 6 78
3 7 92
4 5 70
4 6 19
6 7 43
7 17
1 2 69
1 3 46
1 4 90
1 5 40
1 6 7
2 3 35
2 4 76
2 5 46
2 7 91
3 4 57
3 6 66
3 7 31
4 5 13
4 7 91
5 6 23
5 7 7
6 7 10
7 18
1 2 82
1 3 44
1 4 14
1 5 61
1 7 19
2 3 27
2 4 18
2 5 94
2 7 72
3 4 69
3 5 46
3 6 92
3 7 7
4 5 97
4 6 62
4 7 54
5 6 32
6 7 43
7 19
1 3 78
1 4 5
1 5 55
1 6 74
1 7 89
2 3 65
2 4 100
2 5 72
2 6 72
2 7 97
3 4 47
3 5 53
3 6 15
3 7 41
4 6 17
4 7 97
5 6 70
5 7 61
6 7 74
7 20
1 2 72
1 3 80
1 4 86
1 5 9
1 6 39
1 7 28
2 3 72
2 4 90
2 6 73
2 7 76
3 4 94
3 5 43
3 6 53
3 7 43
4 5 87
4 6 69
4 7 60
5 6 56
5 7 49
6 7 45
7 21
1 2 45
1 3 91
1 4 10
1 5 48
1 6 42
1 7 96
2 3 75
2 4 81
2 5 48
2 6 50
2 7 43
3 4 43
3 5 29
3 6 94
3 7 86
4 5 98
4 6 41
4 7 58
5 6 31
5 7 8
6 7 21
8 7
1 7 49
2 4 28
2 7 36
3 5 70
3 6 68
3 8 96
7 8 3
8 8
1 3 63
2 3 21
2 5 77
2 6 61
2 7 4
4 6 98
5 8 40
6 7 28
8 9
1 2 92
1 5 15
2 3 36
2 8 18
3 7 52
4 5 99
4 7 11
5 7 33
6 7 84
8 10
1 3 16
1 7 31
1 8 14
2 4 53
2 5 31
2 8 62
3 6 8
4 7 47
4 8 46
6 7 12
8 11
1 2 12
1 4 79
1 6 26
1 8 64
2 4 56
2 6 19
3 5 59
3 8 96
5 7 18
6 7 17
6 8 99
8 12
1 2 30
1 5 37
2 4 90
2 7 58
2 8 11
3 4 97
3 5 10
4 7 33
4 8 9
5 8 84
6 7 19
6 8 70
8 13
1 2 26
2 3 100
2 4 72
2 5 34
2 6 78
3 7 95
3 8 18
4 6 89
4 7 86
5 6 84
5 7 70
6 8 100
7 8 19
8 14
1 2 22
1 4 23
2 5 83
2 6 44
3 5 83
3 6 58
3 7 98
4 5 62
4 6 35
4 7 85
4 8 76
5 6 47
5 7 37
5 8 56
8 15
1 2 84
1 5 67
1 8 62
2 3 11
2 4 42
2 7 34
3 4 38
3 5 6
3 6 14
3 7 52
4 6 6
5 6 15
5 7 68
5 8 51
7 8 89
8 16
1 2 17
1 3 88
1 5 5
2 4 9
2 7 10
3 4 99
3 5 16
3 6 4
3 7 20
4 5 69
4 6 89
4 7 99
5 7 53
5 8 88
6 8 99
7 8 41
8 17
1 2 77
1 3 50
1 5 76
1 6 50
2 3 65
2 4 46
2 5 46
2 7 54
2 8 50
3 4 87
3 5 24
3 6 93
4 5 46
4 7 84
4 8 47
6 8 72
7 8 75
8 18
1 3 38
1 4 16
1 5 78
1 8 70
2 3 12
2 4 75
2 5 28
2 6 75
2 7 56
2 8 66
3 5 71
3 8 61
4 5 69
4 6 55
4 8 28
5 7 86
5 8 25
6 7 7
8 19
1 2 77
1 3 98
1 4 52
1 5 70
1 6 64
1 7 83
1 8 21
2 3 24
2 5 84
2 6 9
3 5 68
3 6 79
3 7 8
4 5 68
4 8 5
5 6 21
5 7 72
5 8 23
7 8 73
8 20
1 2 58
1 3 41
1 6 95
1 7 13
1 8 48
2 3 12
2 4 5
2 5 47
2 6 99
2 7 94
2 8 57
3 4 19
3 5 48
3 6 22
3 7 98
3 8 44
4 5 6
4 6 47
5 6 9
6 7 17
8 21
1 2 65
1 4 73
1 5 6
1 6 95
1 8 78
2 3 95
2 4 60
2 6 98
2 7 62
2 8 38
3 4 9
3 5 28
3 7 58
3 8 90
4 5 1
4 6 26
4 8 80
5 6 12
5 7 22
6 7 60
6 8 46
8 22
1 4 94
1 5 66
1 6 4
2 3 57
2 5 42
2 6 80
2 7 90
2 8 81
3 5 8
3 6 7
3 7 96
3 8 68
4 5 31
4 6 10
4 7 54
4 8 6
5 6 36
5 7 59
5 8 7
6 7 97
6 8 53
7 8 45
8 23
1 2 24
1 3 47
1 4 68
1 5 83
1 6 9
1 7 40
2 3 17
2 4 37
2 5 93
2 6 86
2 7 19
2 8 69
3 6 59
3 7 68
3 8 88
4 5 80
4 6 50
4 7 94
4 8 16
5 6 91
5 8 35
6 7 16
7 8 48
8 24
1 3 28
1 4 98
1 5 17
1 6 9
1 7 6
1 8 100
2 3 47
2 4 54
2 5 57
2 6 42
2 7 66
2 8 23
3 4 9
3 5 83
3 6 52
3 7 10
3 8 91
4 5 1
4 7 91
4 8 67
5 6 4
5 7 53
5 8 94
6 8 94
8 25
1 2 43
1 4 56
1 5 92
1 6 69
1 7 7
1 8 49
2 3 95
2 4 40
2 5 100
2 6 97
2 7 99
2 8 84
3 4 3
3 5 52
3 6 78
3 7 45
3 8 74
4 6 1
4 7 96
4 8 26
5 6 60
5 7 81
5 8 59
6 7 91
6 8 54
8 26
1 2 63
1 3 87
1 4 96
1 5 80
1 6 30
1 7 5
2 3 40
2 4 76
2 5 14
2 6 59
2 7 84
2 8 57
3 5 59
3 6 11
3 7 56
3 8 4
4 5 80
4 6 58
4 7 77
4 8 52
5 6 70
5 7 4
5 8 84
6 7 9
6 8 100
7 8 60
8 27
1 2 5
1 3 34
1 4 9
1 5 22
1 6 37
1 7 20
1 8 62
2 3 18
2 4 95
2 5 29
2 6 95
2 7 96
2 8 65
3 4 31
3 5 36
3 6 41
3 7 81
3 8 78
4 5 50
4 6 47
4 7 29
4 8 20
5 7 55
5 8 3
6 7 65
6 8 25
7 8 10
8 28
1 2 99
1 3 99
1 4 26
1 5 98
1 6 81
1 7 42
1 8 1
2 3 35
2 4 5
2 5 6
2 6 74
2 7 59
2 8 94
3 4 87
3 5 50
3 6 89
3 7 51
3 8 73
4 5 72
4 6 51
4 7 100
4 8 100
5 6 46
5 7 83
5 8 33
6 7 4
6 8 99
7 8 8
9 8
1 6 67
2 5 36
2 8 1
3 5 75
3 7 17
4 9 47
6 9 28
7 9 47
9 9
1 8 60
2 7 48
3 8 33
4 5 41
4 7 61
4 8 75
5 9 17
5 8 52
6 8 68
9 10
1 5 29
1 8 65
2 6 99
2 7 3
3 4 30
3 6 47
3 8 50
4 9 71
4 7 68
6 7 22
9 11
1 2 73
2 9 61
2 4 82
2 7 3
3 4 41
3 6 24
4 8 18
5 6 14
5 7 6
6 7 27
7 8 5
9 12
1 8 65
2 9 38
2 6 62
2 7 59
3 5 77
4 5 87
4 6 22
4 7 16
4 8 66
5 8 59
6 7 23
7 8 16
9 13
1 9 56
1 6 99
2 4 62
2 7 52
3 5 66
3 6 32
4 9 94
4 6 84
4 8 64
5 9 81
5 8 75
6 8 89
7 8 56
9 14
1 9 73
1 2 54
1 4 57
1 6 34
2 3 32
2 4 28
2 6 3
2 8 40
3 6 99
4 6 15
4 9 70
5 6 34
6 7 57
8 9 49
9 15
1 9 52
1 2 32
1 6 92
1 8 53
2 6 75
2 7 55
2 8 91
3 5 2
3 6 64
4 9 30
4 7 48
5 9 63
5 6 4
5 7 86
7 9 5
9 16
1 4 28
1 6 82
1 7 34
1 8 93
2 9 72
2 5 29
2 8 100
3 5 34
3 7 25
3 8 73
4 6 74
4 8 19
5 9 16
6 7 78
7 9 44
8 9 25
9 17
1 2 56
1 7 15
2 9 95
2 6 68
2 7 11
2 8 54
3 9 9
3 4 44
3 7 81
3 8 70
4 7 70
5 6 37
5 7 63
6 8 79
7 8 99
7 9 60
8 9 47
9 18
1 9 37
1 2 39
1 6 36
1 7 71
2 3 47
2 6 18
2 7 50
2 8 65
2 9 83
3 5 70
3 6 9
3 7 47
4 5 19
5 6 47
5 8 68
6 8 48
6 9 30
7 9 65
9 19
1 2 35
1 3 94
1 4 46
1 6 25
1 8 53
1 9 13
2 3 47
2 4 34
2 6 7
2 7 1
3 4 97
3 5 17
3 7 21
3 9 52
4 5 49
4 9 49
6 7 96
7 9 50
8 9 63
9 20
1 9 27
1 2 81
2 9 6
2 3 62
2 5 73
2 6 88
3 4 72
3 5 85
3 6 41
3 7 66
4 9 64
4 5 76
4 8 8
5 6 15
6 7 76
6 8 50
6 9 96
7 9 35
7 8 27
8 9 28
9 21
1 3 35
1 5 41
1 6 34
1 7 66
1 8 50
1 9 86
2 9 27
2 3 13
2 4 21
2 5 97
2 7 87
3 5 38
3 6 99
3 7 29
3 8 84
4 7 2
5 6 79
5 7 37
6 7 37
6 8 3
7 9 50
9 22
1 9 61
1 2 43
1 3 4
1 7 82
1 8 21
2 5 80
2 6 40
2 7 51
2 8 74
2 9 32
3 7 28
3 8 88
4 9 70
4 6 9
4 7 72
5 9 8
5 6 98
5 8 63
6 7 89
6 8 35
6 9 99
7 8 62
9 23
1 3 86
1 4 33
1 7 94
2 3 66
2 4 32
2 5 55
2 7 24
2 8 14
2 9 34
3 5 15
3 6 29
3 8 97
3 9 53
4 5 75
4 6 58
4 7 82
5 6 29
5 8 81
5 9 24
6 7 52
6 8 62
6 9 10
8 9 85
9 24
1 9 78
1 2 47
1 3 75
1 5 54
1 8 98
2 3 37
2 4 62
2 5 68
2 6 8
2 8 92
2 9 86
3 5 50
3 7 75
3 8 1
4 5 58
4 6 44
4 8 91
5 6 11
5 8 27
5 9 52
6 9 29
6 8 54
7 9 69
7 8 33
9 25
1 2 51
1 5 4
1 6 99
1 7 45
1 8 79
2 3 27
2 4 63
2 5 16
2 7 48
2 9 54
3 9 79
3 4 76
3 5 22
3 6 96
4 5 78
4 6 44
4 7 59
4 9 62
5 7 63
5 8 70
5 9 29
6 9 48
6 8 95
7 9 67
8 9 6
9 26
1 2 46
1 3 99
1 5 70
1 6 89
1 7 33
1 8 85
2 4 10
2 5 42
2 6 93
2 8 33
2 9 86
3 9 95
3 4 38
3 5 21
3 8 27
4 5 99
4 7 78
4 8 97
4 9 45
5 7 11
5 8 71
5 9 35
6 7 3
6 8 72
7 9 91
8 9 54
9 27
1 2 11
1 3 47
1 6 57
1 7 22
1 8 89
1 9 22
2 3 6
2 4 27
2 5 58
2 7 89
2 8 60
3 4 10
3 5 61
3 6 21
3 7 54
3 8 6
3 9 21
4 5 69
4 6 43
4 7 14
4 8 18
5 7 28
5 8 76
6 9 12
7 8 95
7 9 99
8 9 30
9 28
1 2 89
1 4 40
1 5 62
1 6 7
1 7 83
1 8 21
1 9 83
2 4 65
2 5 17
2 7 31
3 9 96
3 4 94
3 5 38
3 6 60
3 7 88
4 5 96
4 6 97
4 7 10
4 8 81
4 9 22
5 6 50
5 7 83
5 8 87
5 9 57
6 8 45
6 9 5
7 9 95
8 9 24
9 29
1 3 61
1 4 2
1 6 56
1 7 46
1 8 14
1 9 27
2 3 54
2 4 95
2 5 9
2 6 12
2 7 98
2 8 75
2 9 65
3 5 79
3 6 74
3 7 42
3 8 84
3 9 44
4 6 50
4 7 32
4 9 87
5 6 98
5 7 53
5 8 25
5 9 85
6 7 37
6 8 52
7 8 37
8 9 47
9 30
1 9 88
1 2 35
1 5 34
1 6 48
1 8 20
2 3 22
2 4 91
2 5 62
2 6 86
2 9 79
3 4 75
3 5 10
3 6 18
3 7 13
3 8 92
3 9 90
4 6 40
4 7 45
4 8 48
4 9 5
5 6 39
5 7 19
5 8 9
5 9 89
6 7 44
6 8 84
6 9 32
7 8 83
7 9 12
8 9 87
9 31
1 2 34
1 3 82
1 4 79
1 5 33
1 6 51
1 7 2
1 8 64
1 9 33
2 3 70
2 4 13
2 5 15
2 6 29
2 7 94
2 8 68
2 9 78
3 4 55
3 5 4
3 7 12
3 8 97
3 9 86
4 6 96
4 7 7
4 8 27
4 9 19
5 6 44
5 7 82
5 8 60
6 8 33
6 9 78
7 9 97
8 9 26
9 32
1 3 71
1 4 43
1 5 63
1 6 91
1 7 41
1 9 45
2 3 34
2 4 64
2 5 85
2 6 93
2 7 52
2 8 96
2 9 58
3 4 56
3 5 41
3 6 82
3 7 28
3 8 63
3 9 6
4 5 4
4 6 20
4 7 96
4 8 13
4 9 50
5 6 6
5 7 75
5 8 90
5 9 73
6 7 17
6 9 30
7 8 48
8 9 60
9 33
1 2 17
1 4 26
1 5 86
1 6 22
1 7 1
1 8 79
1 9 97
2 3 25
2 4 8
2 5 52
2 6 12
2 7 28
2 8 66
2 9 84
3 4 38
3 5 78
3 6 38
3 7 97
3 8 86
3 9 49
4 5 99
4 7 32
4 8 49
4 9 82
5 6 27
5 7 37
5 8 4
5 9 1
6 7 58
6 8 100
7 8 58
7 9 3
8 9 83
9 34
1 2 88
1 3 27
1 4 66
1 5 88
1 6 55
1 7 53
1 8 46
1 9 74
2 3 93
2 4 33
2 5 21
2 6 100
2 8 30
3 4 95
3 5 58
3 6 77
3 7 36
3 8 10
3 9 40
4 5 4
4 6 32
4 7 70
4 8 60
4 9 70
5 6 81
5 7 79
5 8 100
5 9 69
6 7 70
6 8 29
6 9 91
7 8 94
7 9 74
8 9 8
9 35
1 2 28
1 3 59
1 4 93
1 5 51
1 6 49
1 7 15
1 8 42
1 9 24
2 3 81
2 4 29
2 5 67
2 6 80
2 7 74
2 8 74
2 9 52
3 4 82
3 5 62
3 6 64
3 7 79
3 8 67
3 9 56
4 5 24
4 6 94
4 7 15
4 8 84
4 9 7
5 6 38
5 7 86
5 8 27
5 9 46
6 7 70
6 8 49
7 8 97
7 9 45
8 9 20
9 36
1 2 52
1 3 94
1 4 9
1 5 64
1 6 35
1 7 70
1 8 69
1 9 6
2 3 46
2 4 45
2 5 76
2 6 42
2 7 2
2 8 75
2 9 31
3 4 6
3 5 52
3 6 93
3 7 64
3 8 30
3 9 36
4 5 65
4 6 30
4 7 68
4 8 57
4 9 37
5 6 51
5 7 14
5 8 21
5 9 32
6 7 100
6 8 100
6 9 50
7 8 84
7 9 62
8 9 65
10 9
1 10 99
1 5 55
1 6 90
2 8 57
3 9 66
4 9 99
5 9 97
7 10 79
7 8 75
10 10
1 9 89
1 2 31
1 7 58
1 10 40
3 5 27
3 8 37
4 6 64
4 7 34
6 8 65
7 10 99
10 11
1 2 6
1 5 61
1 7 68
2 4 65
3 10 41
3 6 74
4 6 4
6 7 29
7 9 75
7 8 69
8 10 45
10 12
1 3 43
2 4 82
3 4 99
4 6 40
4 7 32
4 10 46
5 7 63
5 8 53
7 9 46
7 10 12
7 8 26
8 9 35
10 13
1 9 34
2 9 73
2 10 39
2 4 71
2 7 76
2 8 15
3 6 49
3 8 61
4 5 57
5 7 22
6 9 62
7 8 11
9 10 14
10 14
1 9 95
1 10 53
2 10 11
2 6 68
2 7 15
3 8 83
4 5 74
4 6 77
4 8 96
6 9 13
6 10 64
7 9 89
7 8 20
8 10 54
10 15
1 9 32
1 10 98
1 3 79
1 6 42
2 5 38
3 9 81
3 6 69
3 7 30
4 9 47
4 7 47
5 9 60
5 6 24
5 10 75
8 9 51
8 10 73
10 16
1 9 34
1 4 2
1 6 32
1 7 20
2 10 95
2 5 4
2 8 1
3 6 24
3 7 89
4 7 97
4 8 20
5 9 57
5 8 73
6 10 29
6 7 71
7 8 63
10 17
1 9 41
1 6 82
1 8 26
2 5 100
2 6 83
3 10 13
3 4 5
3 6 24
3 7 39
4 9 88
4 10 6
4 5 77
4 8 34
5 6 1
5 8 99
6 8 22
8 9 99
10 18
1 9 14
1 8 19
2 10 21
2 6 92
2 8 29
3 9 36
3 5 99
4 10 74
4 6 50
4 7 73
4 8 66
5 9 82
5 7 55
6 9 62
6 10 91
6 8 81
7 8 88
9 10 81
10 19
1 9 57
1 2 22
1 3 17
1 7 7
2 6 56
3 10 50
3 4 89
3 5 13
4 10 27
4 7 49
5 10 84
5 6 24
5 8 66
6 9 53
6 7 51
7 10 50
7 8 10
8 9 9
8 10 49
10 20
1 9 45
1 4 31
1 5 25
1 6 91
1 7 58
2 9 57
2 4 72
2 7 97
2 8 87
3 10 80
3 5 14
3 6 46
3 8 18
4 7 43
4 8 78
5 9 29
6 8 93
7 9 37
7 10 37
9 10 18
10 21
1 2 7
1 3 1
1 4 58
1 5 99
1 9 94
1 10 6
2 3 79
2 4 76
2 5 55
2 6 46
2 8 91
2 10 49
3 4 37
3 7 70
4 6 54
4 7 77
4 9 90
5 9 97
5 8 75
6 8 52
8 10 78
10 22
1 9 12
1 10 30
1 5 70
2 10 34
2 3 12
2 5 4
2 6 69
3 4 83
3 6 60
3 8 79
3 9 75
3 10 64
4 10 64
4 7 12
5 10 99
5 7 83
5 8 71
6 8 89
7 9 92
7 8 6
8 9 75
8 10 53
10 23
1 3 53
1 5 32
2 9 6
2 10 94
2 3 67
2 8 16
3 4 67
3 5 83
3 6 20
3 7 23
4 9 72
4 5 65
4 7 31
5 6 26
5 7 33
5 9 98
5 10 5
6 9 42
6 10 17
6 8 66
7 9 64
8 9 91
9 10 63
10 24
1 9 27
1 10 26
1 4 26
1 5 20
2 9 83
2 5 42
2 7 47
2 8 65
3 10 19
3 4 99
3 5 49
3 7 46
3 8 29
4 5 95
4 6 75
4 7 17
4 9 59
4 10 51
5 6 28
5 7 4
5 8 67
6 9 46
6 7 46
8 10 6
10 25
1 2 36
1 3 49
1 5 40
1 6 59
1 8 75
1 9 42
1 10 4
2 4 12
2 5 21
2 7 53
2 8 40
3 4 47
3 6 19
3 8 57
4 5 46
4 6 83
4 7 25
4 9 52
5 7 9
5 8 1
6 9 90
6 7 82
7 8 69
7 10 62
8 10 72
10 26
1 2 57
1 6 74
1 7 52
1 8 67
1 9 59
1 10 73
2 3 84
2 6 46
2 8 66
2 9 71
2 10 98
3 9 79
3 5 44
3 6 2
3 10 73
4 5 22
4 6 22
4 7 77
4 8 6
5 9 67
5 10 2
5 8 61
6 9 99
6 10 77
8 9 89
9 10 81
10 27
1 2 65
1 4 55
1 6 89
1 7 15
1 8 6
1 9 8
1 10 94
2 4 30
2 5 83
2 6 75
2 7 15
2 8 52
2 9 7
2 10 21
3 9 23
4 10 18
4 8 12
5 9 58
5 6 18
5 7 13
5 8 62
6 7 64
6 8 3
6 9 63
6 10 94
7 8 76
8 9 84
10 28
1 2 97
1 4 2
1 5 51
1 6 95
1 7 95
1 8 74
1 10 7
2 10 77
2 6 71
2 8 27
3 9 94
3 4 58
4 5 9
4 6 95
4 8 24
4 9 83
4 10 81
5 6 81
5 7 65
5 9 48
5 10 96
6 7 78
6 8 25
6 9 28
6 10 46
7 9 19
8 9 20
9 10 9
10 29
1 2 4
1 3 81
1 4 25
1 5 55
1 6 73
1 7 3
1 10 98
2 4 49
2 5 59
2 6 14
2 7 56
2 8 86
3 5 94
3 6 64
3 7 6
3 8 1
3 10 95
4 9 82
4 8 39
5 10 78
5 8 69
6 7 28
6 8 35
6 9 37
6 10 11
7 10 53
8 9 81
8 10 6
9 10 54
10 30
1 3 73
1 4 97
1 5 100
1 8 58
1 9 38
1 10 21
2 4 85
2 5 59
2 6 30
2 7 75
2 8 65
2 10 33
3 4 38
3 5 99
3 6 13
3 8 40
3 9 32
3 10 93
4 5 43
4 6 21
4 9 80
5 6 4
5 9 68
5 10 68
6 7 71
6 8 9
7 8 36
8 9 93
8 10 64
9 10 3
10 31
1 2 61
1 3 86
1 4 20
1 5 88
1 8 87
1 9 23
2 3 71
2 4 67
2 5 79
2 6 82
2 9 7
2 10 50
3 5 58
3 8 25
3 9 75
3 10 88
4 6 73
4 7 98
4 8 40
4 10 64
5 7 88
5 8 41
5 10 72
6 9 31
6 7 6
6 10 28
7 9 23
7 8 69
8 9 55
8 10 6
9 10 18
10 32
1 2 46
1 3 56
1 4 95
1 5 84
1 6 1
1 9 15
1 10 86
2 3 83
2 6 78
2 7 64
2 8 51
2 10 52
3 4 15
3 5 49
3 6 22
3 7 31
3 8 43
3 9 33
4 5 33
4 6 82
4 7 75
4 8 21
4 9 74
5 9 28
5 7 70
6 7 37
6 9 60
6 10 36
7 9 46
7 10 85
8 10 56
9 10 72
10 33
1 2 1
1 3 22
1 4 78
1 5 41
1 6 92
1 7 34
1 9 84
2 3 26
2 4 73
2 5 76
2 6 61
2 7 61
2 8 16
2 9 2
3 6 47
3 7 6
3 8 28
3 9 99
4 6 10
4 7 84
5 6 86
5 7 34
5 9 36
5 10 9
6 7 96
6 8 23
6 9 35
6 10 54
7 8 95
7 10 33
8 9 90
8 10 98
9 10 88
10 34
1 3 30
1 4 94
1 5 62
1 6 57
1 7 1
1 8 19
1 10 89
2 3 11
2 4 50
2 5 72
2 6 4
2 7 95
2 8 78
2 9 4
2 10 54
3 4 59
3 5 21
3 8 45
3 9 75
4 5 38
4 10 48
5 6 73
5 7 8
5 8 20
5 9 78
5 10 41
6 7 90
6 8 8
6 9 47
6 10 32
7 9 39
7 10 12
8 9 39
8 10 83
10 35
1 3 49
1 4 51
1 5 80
1 7 38
1 8 23
1 9 52
2 3 33
2 4 94
2 5 3
2 6 62
2 8 21
2 9 63
2 10 16
3 4 57
3 5 51
3 6 75
3 8 93
3 9 97
3 10 43
4 5 35
4 6 84
4 7 62
4 10 58
5 6 95
5 7 61
5 8 13
5 9 48
5 10 92
6 7 12
6 8 86
6 9 100
7 8 80
8 9 60
8 10 40
9 10 21
10 36
1 2 96
1 3 50
1 4 51
1 5 32
1 6 18
1 7 59
1 8 43
1 9 99
1 10 21
2 3 75
2 5 7
2 7 81
2 8 77
2 9 71
2 10 75
3 4 32
3 5 4
3 6 40
3 7 55
3 8 54
3 10 55
4 9 36
4 6 45
4 10 59
5 6 35
5 7 34
5 8 1
5 9 62
5 10 31
6 8 42
6 10 95
7 9 87
7 10 26
8 9 7
8 10 86
9 10 24
10 37
1 2 19
1 3 39
1 4 76
1 5 21
1 6 42
1 7 94
1 8 14
1 9 85
1 10 82
2 3 47
2 4 87
2 5 94
2 7 100
2 8 61
2 9 80
2 10 54
3 5 59
3 6 13
3 7 4
3 8 44
3 10 70
4 5 11
4 6 89
4 7 26
4 9 15
4 10 23
5 6 66
5 8 37
5 9 9
5 10 10
6 7 23
6 9 87
6 10 94
7 8 21
7 9 100
7 10 12
9 10 65
10 38
1 2 4
1 3 64
1 4 25
1 5 7
1 6 89
1 7 13
1 9 90
1 10 29
2 3 11
2 4 63
2 5 88
2 7 97
2 8 63
2 9 41
2 10 54
3 4 86
3 5 41
3 6 91
3 7 48
3 10 47
4 6 65
4 7 88
4 8 41
4 9 16
4 10 38
5 6 89
5 7 38
5 8 80
5 9 4
5 10 32
6 7 99
6 8 36
6 10 77
7 8 94
7 9 87
7 10 47
8 9 49
8 10 37
10 39
1 2 78
1 3 58
1 4 90
1 5 64
1 6 74
1 8 33
1 9 62
1 10 25
2 3 18
2 4 5
2 5 64
2 6 91
2 7 37
2 8 42
2 10 74
3 5 83
3 6 30
3 7 87
3 9 11
3 10 24
4 5 95
4 6 92
4 7 25
4 8 88
4 9 86
4 10 72
5 6 19
5 7 1
5 8 36
5 9 81
5 10 87
6 7 82
6 8 8
6 9 75
6 10 39
7 8 50
7 10 18
8 9 88
9 10 61
10 40
1 2 100
1 3 51
1 5 65
1 6 43
1 7 96
1 8 95
1 9 2
1 10 81
2 3 26
2 4 55
2 5 72
2 6 15
2 7 98
2 8 53
2 9 77
2 10 62
3 4 84
3 5 1
3 6 24
3 8 9
3 10 29
4 5 32
4 6 37
4 7 57
4 9 71
4 10 13
5 6 63
5 7 15
5 8 24
5 9 50
5 10 9
6 7 19
6 8 29
6 9 70
6 10 24
7 8 22
7 9 58
8 9 82
8 10 75
9 10 7
10 41
1 2 66
1 3 65
1 4 42
1 5 11
1 8 97
1 9 34
2 3 33
2 4 41
2 5 46
2 6 72
2 7 2
2 8 13
2 9 82
2 10 65
3 4 41
3 5 81
3 6 100
3 7 94
3 8 62
3 9 91
3 10 27
4 5 60
4 6 49
4 7 14
4 8 38
4 9 11
5 6 67
5 7 93
5 8 4
5 9 53
5 10 61
6 7 9
6 8 53
6 9 92
6 10 41
7 8 67
7 9 57
7 10 39
8 9 78
8 10 94
9 10 52
10 42
1 2 13
1 3 31
1 4 63
1 5 15
1 6 73
1 7 1
1 8 4
1 9 49
2 3 52
2 4 50
2 5 10
2 6 35
2 7 91
2 8 80
2 9 36
3 4 52
3 5 97
3 6 46
3 7 55
3 8 25
3 10 12
4 5 8
4 6 37
4 7 72
4 8 68
4 9 7
4 10 11
5 6 24
5 7 70
5 8 61
5 9 66
5 10 62
6 7 94
6 8 82
6 9 75
6 10 54
7 8 50
7 9 23
7 10 44
8 9 56
8 10 44
9 10 56
10 43
1 2 69
1 3 28
1 4 58
1 5 18
1 6 89
1 7 36
1 8 37
1 9 47
1 10 74
2 4 12
2 5 93
2 6 14
2 7 42
2 8 90
2 9 14
2 10 63
3 4 60
3 6 72
3 7 4
3 8 56
3 9 58
3 10 65
4 5 6
4 6 38
4 7 74
4 8 35
4 9 100
4 10 12
5 6 41
5 7 15
5 8 6
5 9 18
5 10 100
6 7 68
6 8 28
6 9 41
6 10 94
7 8 74
7 9 58
7 10 13
8 9 34
8 10 20
9 10 91
10 44
1 2 92
1 3 12
1 4 45
1 5 25
1 6 6
1 7 82
1 8 19
1 9 23
1 10 72
2 3 67
2 4 32
2 5 80
2 6 52
2 7 14
2 8 91
2 9 80
3 4 71
3 5 8
3 6 40
3 7 7
3 8 100
3 9 99
3 10 28
4 5 79
4 6 19
4 7 51
4 8 4
4 9 6
4 10 72
5 6 21
5 7 29
5 8 6
5 9 77
5 10 7
6 7 77
6 8 19
6 9 70
6 10 21
7 8 9
7 9 29
7 10 77
8 9 44
8 10 35
9 10 24
10 45
1 2 1
1 3 62
1 4 22
1 5 83
1 6 8
1 7 78
1 8 76
1 9 97
1 10 70
2 3 50
2 4 72
2 5 77
2 6 18
2 7 33
2 8 30
2 9 53
2 10 92
3 4 58
3 5 1
3 6 4
3 7 1
3 8 59
3 9 83
3 10 65
4 5 57
4 6 90
4 7 22
4 8 54
4 9 5
4 10 2
5 6 100
5 7 88
5 8 85
5 9 88
5 10 100
6 7 43
6 8 42
6 9 60
6 10 42
7 8 76
7 9 42
7 10 38
8 9 73
8 10 75
9 10 31
0 
